PreprocessorDefinitions=
Techniques=GeomModCRT@CRTGeomMOD.fx
TechniqueSorting=GeomModCRT@CRTGeomMOD.fx

[CRTGeomMOD.fx]
ACTIVATION_PIXEL_TEST=0
aperture_type=2
arts_aspect_ratio=1.000000,1.000000
aspect_ratio=1.000000,1.000000
AUTO_ROTATED=0
bg_col=0.000000,0.000000,0.000000
BLOOM=1
BloomBlurOffset=1.600000
BloomContrast=0.660000
BloomStrength=0.160000
buffer_offset=0.000000,0.000000
cornersize=0.010000
cornersmooth=120.000000
CRTgamma=2.400000
CRT_EFFECT=1
CURVATURE=0
d=2.700000
dotmask=0.330000
ext_offsets=0.000000,0.000000
ext_zoom=100.000000,100.000000
h_starts=0.000000,100.000000
inp_game_ratio=0.000000
inp_screen_ratio=0.000000
lum=0.880000
monitorgamma=2.200000
OVERSAMPLE=1
overscan=100.000000,100.000000
ovs_boost=1.000000
PASS_THROUGH_BORDERS=0
R=2.900000
resize_adjust=1.000000
resize_ratio=0.000000
ROTATED=0
ROTATED_180=0
sharper=2.000000
src_offsets=0.000000,0.000000
test_color=0.000000,0.000000,0.000000
test_color2=0.000000,0.000000,0.000000
test_epsilon=0.010000
test_pixel=0,0
test_pixel2=0,0
texture_size=1024.000000,768.000000
tilt=0.000000,0.000000
USE_BACKGROUND=0
USE_BEZEL=1
USE_FRAME=0
USE_OFF_BEZEL=1
USE_OVERLAY=1
VERTICAL_SCANLINES=0
v_starts=0.000000,100.000000

